gyro_bias_x: 0.031176
gyro_bias_y: 0.00557666
gyro_bias_z: 17.7831
