gyro_bias_x: -0.0211282
gyro_bias_y: 0.00208827
gyro_bias_z: 0.000266063
